YES-Dist-N2pc	NOO-Dist-N2pc	YES-Dist-Ptc	NOO-Dist-Ptc	YES-Targ-N2pc	NOO-Targ-N2pc	YES-Targ-Ptc	NOO-Targ-Ptc	WM_NOO_Acc	WM_YES_Acc	VS_NOO_Acc	VS_YES_Acc	WM_NOO_RT	WM_YES_RT	VS_NOO_RT	VS_YES_RT	HDist_PosArea	HTarg_PosArea	LDist_PosArea	LTarg_PosArea	HDist_negArea	HTarg_negArea	LDist_negArea	LTarg_negArea	HDist_ratioArea	HTarg_ratioArea	LDist_ratioArea	LTarg_ratioArea	YDist_PLat	YTarg_PLat	NDist_PLat	NTarg_PLat	YDist_NLat	YTarg_NLat	NDist_NLat	NTarg_NLat
-0.39	0	0.23	0.01	0.34	0.23	-0.39	-0.48	0.93	0.86	0.99	0.97	695.8	799.07	488.46	467.61	8.668987053	12.71022658	0.176713164	-1.221492873	2.120659605	33.69453607	20.39956684	22.78533119	-0.72	-7.18	-0.88	-1.65	548	204	532	204	468	620	852	660
-0.12	0.23	-0.36	0.15	-0.17	0.02	-0.09	-0.11	0.91	0.8	0.89	0.91	707.22	746.17	472.42	467.84	-8.057814412	-5.85851749	-2.100316528	-17.40346894	27.35687078	13.47941166	-5.655910365	20.55783602	-0.87	-0.17	0.4	7.41	552	204	536	204	460	620	848	652
-0.02	-0.36	0.73	-0.82	0.08	-0.45	-0.5	-1.05	0.93	0.87	0.98	0.95	867.29	940.86	665.59	660.22	20.98810759	-5.244764069	-32.97321722	-47.34136519	-2.819787966	26.88541008	68.65425971	34.00208421	0.22	-0.1	20.07	3.64	540	204	540	204	460	608	832	660
-0.48	0.13	0.12	0.87	-0.27	-0.02	-0.67	-0.73	0.93	0.93	0.97	0.97	1056.16	1159.77	554.13	563.53	8.195479326	-11.43008474	40.1501326	-11.07060523	19.28585321	44.79013149	-19.9245395	29.67475993	-0.8	-0.09	-2.89	1.51	540	204	536	204	460	600	832	656
-0.97	-1.53	0.22	-0.04	-1.04	-0.64	-1.08	-0.51	0.88	0.87	0.99	0.99	660.83	720.53	522.07	515.05	6.865942349	-5.14688042	-5.154708893	-1.383918988	17.72361767	151.5098337	54.15567204	77.02471293	-0.58	-7.43	0	-0.21	544	204	532	204	728	580	860	652
-0.74	-0.29	-0.46	-0.27	-0.36	0.38	-0.88	-0.89	0.76	0.82	0.92	0.91	866.86	930.21	492.01	481.81	-7.760317173	-26.69738992	-0.498866941	-7.471610956	15.05096041	34.70070623	8.135923715	98.62729384	0.12	0.41	-4.19	-0.02	548	204	540	204	724	576	852	636
-0.76	0.94	-0.28	1.71	0.23	-0.2	0.18	-0.57	0.96	0.87	0.95	0.96	906.54	956.87	495.17	499.62	-8.131603499	9.989397738	39.30258736	-12.39384077	53.18782197	-45.25771772	-55.79168227	75.82138678	8.73	0.08	-5.27	-0.47	540	204	536	204	456	584	860	624
-0.35	0	0.43	-0.18	-0.38	-0.68	0.05	-0.66	0.83	0.75	0.88	0.86	993.99	996.41	521.23	525.96	4.736926077	-21.33368359	-5.382982668	-25.89527178	15.05874304	0.20483902	14.19456702	62.59392782	3.87	-0.11	-9.72	-0.22	532	204	532	204	452	596	872	628
-0.39	-0.31	-0.12	-0.01	0.06	-0.47	-0.14	-0.44	0.92	0.91	0.99	0.99	915.7	907.48	528.37	526.93	7.130754162	-3.435623266	-20.34844493	-15.45578788	33.4963095	-7.818321225	14.04292196	39.17304014	-2.5	3.65	-1.34	-0.24	536	204	536	204	448	596	868	632
-0.77	-0.03	0.38	0.36	-0.45	-0.05	-0.79	-1.37	0.8	0.74	0.92	0.9	1076.27	1135.3	679.39	663.63	19.91524294	-16.3513414	-6.419401903	-16.23559189	-7.729663436	60.58201385	-9.665275194	100.9880417	-1.78	-0.09	1.04	-9.03	536	204	540	204	460	568	868	620
0.21	-1.14	0.89	-0.73	-0.76	-0.22	-0.91	-0.62	0.89	0.89	0.97	0.96	833.68	920.79	563.98	565.53	42.80824682	-4.37233411	-24.25967707	-10.49193354	-13.41133266	70.04599118	110.8377593	26.36959558	-0.49	2.99	-4.07	-0.13	372	204	552	204	468	548	884	616
-1.39	-1.21	-0.54	-0.35	-0.97	-0.47	-0.49	0	0.87	0.87	0.95	0.95	1036.19	1115.01	441.89	454.25	-34.40794925	-6.570875961	-7.959156428	8.955961228	105.2466025	46.89850171	77.60089636	29.94827489	-5.63	0.23	1.84	0.18	540	204	552	204	456	560	892	616
-0.25	-0.02	-0.11	0.63	-0.57	-0.21	-0.32	-0.68	0.89	0.93	0.9	0.89	741	773.08	496.97	487.09	-5.284256902	7.758235594	28.70933283	-20.69060992	17.17722499	14.4593705	-14.27114134	52.37994263	-0.26	-0.08	5.35	-0.08	544	204	548	204	448	564	888	608
-0.4	-0.53	-0.73	0.73	-0.64	0.41	0.04	0.17	0.77	0.89	0.96	0.93	911.8	863.61	599.94	603.67	3.520158363	40.27880664	32.7795567	59.79768987	100.6631413	15.53138957	-4.791397686	-24.16123149	-3.91	0.12	0.18	-0.48	564	204	552	204	432	588	888	616
-0.65	-0.48	0.28	0.7	-0.35	-0.3	0.2	0.55	0.91	0.86	0.9	0.91	927.6	1031.57	528.96	538.63	31.90610466	-16.47568565	-2.023959218	31.28048515	19.50197447	50.60417243	39.47987903	20.77980472	-0.07	0.71	-0.12	-0.24	560	204	548	204	436	588	876	644
0.25	0.15	1.04	1.1	-0.26	0.48	0.41	0.56	0.9	0.84	0.96	0.94	869.53	975.61	625.32	622.08	76.96798179	46.98381386	46.48566521	91.44552342	-2.514928284	-13.93038502	7.703287516	-43.72921802	-0.14	-1.38	-0.47	0.97	552	204	536	204	436	592	840	644
0.43	-0.04	1.33	0.11	-1.43	0.1	-0.82	-0.03	0.93	0.82	0.96	0.94	819.11	879.37	472.38	476.46	70.42403296	-25.39687166	-1.804603213	21.19502763	-8.119708497	46.58943885	20.14179471	2.452084208	-0.18	-0.27	-0.26	-0.04	544	204	536	204	448	596	872	648
0.45	0.42	0.45	0.22	-0.26	0.5	-0.58	-0.55	0.89	0.86	0.69	0.68	891.38	909.73	458.5	457.46	45.45143985	-17.42895841	49.71461651	3.785933216	-17.45502415	40.18504074	-21.84856979	34.91750116	-0.11	-0.09	-3.73	-2.9	544	205	540	205	452	588	864	632
