xAxis	D_N2pcc_High	D_N2pcc_Loww	D_Ptccc_High	D_Ptccc_Loww	D_SPCNa_High	D_SPCNa_Loww	D_SPCNb_High	D_SPCNb_Loww	T_P1pcc_High	T_P1pcc_Loww	T_N2pcc_High	T_N2pcc_Loww	T_SPCNa_High	T_SPCNa_Loww	T_SPCNb_High	T_SPCNb_Loww
-200	-0.081319114	0.039193254	-0.040950885	0.040481171	-0.051209967	0.008059777	-0.066687701	0.064304679	-0.178017585	0.020883444	-0.170626211	0.03032236	-0.171840702	0.02752323	-0.199221326	-0.008589462
-196	-0.074936884	0.003135561	-0.029467588	0.00630008	-0.05173479	-0.02288833	-0.057089857	0.022902377	-0.159081279	-0.0013135	-0.145634347	-0.008604704	-0.144692245	-0.013961323	-0.175795601	-0.032407083
-192	-0.075462944	-0.020468832	-0.035218433	-0.017487827	-0.065843028	-0.044972542	-0.055808522	-0.004738528	-0.138787291	-0.030633317	-0.125064221	-0.039890721	-0.123028841	-0.047068736	-0.154176348	-0.055418133
-188	-0.075858771	-0.039146238	-0.04894412	-0.039640362	-0.080257461	-0.064084407	-0.05566755	-0.025763597	-0.11404224	-0.058572952	-0.107462938	-0.055574804	-0.105510039	-0.062959642	-0.131072875	-0.071870283
-184	-0.07201312	-0.05266967	-0.058962795	-0.057471069	-0.082384319	-0.077565804	-0.05258754	-0.038982117	-0.079907585	-0.081117852	-0.083650916	-0.062248049	-0.082385642	-0.069057998	-0.095493767	-0.084904594
-180	-0.06047873	-0.055963882	-0.056226187	-0.061961361	-0.066323815	-0.081338593	-0.043210852	-0.039443558	-0.036242777	-0.096703332	-0.045760217	-0.068061175	-0.045206167	-0.074751579	-0.04234926	-0.096668369
-176	-0.040945161	-0.048328171	-0.039474289	-0.050885049	-0.035565654	-0.077052907	-0.026575679	-0.028131112	0.00743977	-0.104663723	0.00163459	-0.074537622	0.001253886	-0.081616367	0.017578549	-0.105094818
-172	-0.018107036	-0.034591972	-0.015048669	-0.031516481	-0.001458265	-0.067638532	-0.005789247	-0.012248935	0.03799416	-0.104929702	0.043734333	-0.078636765	0.04180135	-0.085493356	0.064614206	-0.107170952
-168	0.002976564	-0.01641089	0.010286984	-0.009482715	0.025103332	-0.049594359	0.016221064	0.005322328	0.048956656	-0.09625134	0.067357203	-0.076539579	0.063307073	-0.081681671	0.084764831	-0.09901329
-164	0.022217909	0.00778662	0.035580722	0.015720071	0.042642347	-0.019539749	0.041114591	0.026370221	0.046312953	-0.08003887	0.07300785	-0.06856349	0.067134961	-0.071220617	0.082337089	-0.080076402
-160	0.043501396	0.034788305	0.062987703	0.042877237	0.059143244	0.016150054	0.0719911	0.048972758	0.042228363	-0.059714873	0.073310885	-0.055992608	0.066833807	-0.057077202	0.074432641	-0.053250327
-156	0.068994321	0.05624149	0.091512574	0.065059193	0.082272942	0.046328645	0.107733074	0.066705418	0.041320006	-0.033844127	0.076348883	-0.033227984	0.070165461	-0.034340331	0.06866347	-0.017706917
-152	0.093521357	0.068742666	0.114679341	0.078907025	0.110862927	0.066863338	0.139499596	0.077659555	0.0396538	-0.000412898	0.079831448	0.003796651	0.073875347	0.002250947	0.06059785	0.026147986
-148	0.105881803	0.074945348	0.123264938	0.087144914	0.133668226	0.079603961	0.153862376	0.084763355	0.031312352	0.03523427	0.076839624	0.0466927	0.070512959	0.045739761	0.044828842	0.069205622
-144	0.098015025	0.074996653	0.111857336	0.089481817	0.136599028	0.082361602	0.141990215	0.087353584	0.009063845	0.061676839	0.058030744	0.080260031	0.050791814	0.080989673	0.016304228	0.098792624
-140	0.074777125	0.065293362	0.085971887	0.081362112	0.116957236	0.071110084	0.108834781	0.080314913	-0.031032459	0.068719547	0.015917171	0.092392869	0.00736493	0.094819725	-0.028534869	0.106715443
-136	0.051672672	0.046395376	0.060107596	0.062321817	0.08952107	0.048166342	0.071535019	0.062502467	-0.080513254	0.052938146	-0.044698745	0.078593735	-0.054562167	0.082020417	-0.083294837	0.090959282
-132	0.040825571	0.025065671	0.04587446	0.038002097	0.06985108	0.020762956	0.046303179	0.040392099	-0.123104115	0.019515215	-0.105806143	0.042391411	-0.116157419	0.046558085	-0.131107981	0.05546741
-128	0.037980677	0.010843178	0.040649619	0.017638593	0.055501008	-0.002214965	0.034104515	0.024925625	-0.150647073	-0.020615945	-0.151906101	-0.007003521	-0.161242991	-0.001603218	-0.160910297	0.008200169
-124	0.028059751	0.010042894	0.030869945	0.009222482	0.032989436	-0.011322321	0.022589225	0.023649142	-0.167000544	-0.056248034	-0.181648471	-0.058853706	-0.188557071	-0.052167474	-0.176873443	-0.042083621
-120	0.003226715	0.021229565	0.007309712	0.014201759	-0.003892491	-0.003417788	0.001733679	0.034931976	-0.177200758	-0.080642887	-0.201991037	-0.103421412	-0.205857909	-0.09673098	-0.187157513	-0.086710247
-116	-0.026164955	0.038158284	-0.021960643	0.029322181	-0.044322333	0.016044809	-0.022120191	0.051455163	-0.179363231	-0.093358142	-0.214947001	-0.134930492	-0.215990508	-0.130203857	-0.191150092	-0.119619935
-112	-0.043034654	0.059294753	-0.040349838	0.053698506	-0.070266225	0.041250664	-0.03413331	0.071512843	-0.166523328	-0.09896893	-0.214432294	-0.151931748	-0.213054395	-0.150293192	-0.18103923	-0.140720402
-108	-0.040796703	0.085286273	-0.042198082	0.084815831	-0.073127671	0.067068837	-0.02903008	0.096411938	-0.136123679	-0.099679717	-0.196255875	-0.152148321	-0.192674355	-0.153032227	-0.154291681	-0.149536414
-104	-0.024028397	0.107063941	-0.034124096	0.108384257	-0.056406998	0.081772347	-0.013544182	0.117959716	-0.095184244	-0.091793008	-0.164894781	-0.132899074	-0.159172372	-0.134977819	-0.118188128	-0.141492621
-100	0.002796918	0.107991954	-0.019856309	0.10498784	-0.024550686	0.071949305	0.006998691	0.119800736	-0.05295303	-0.073993326	-0.125232896	-0.098397778	-0.117396524	-0.101384534	-0.079363723	-0.11745817
-96	0.037232439	0.08007325	0.001729456	0.068788927	0.018561798	0.036010415	0.032690565	0.093820617	-0.010403029	-0.050981907	-0.075144204	-0.058111997	-0.065112328	-0.062510326	-0.035339303	-0.086042666
-92	0.074809554	0.031730197	0.030137878	0.012887491	0.064994734	-0.012872402	0.062344242	0.048335582	0.037762714	-0.026358097	-0.010365493	-0.01786809	0.001816634	-0.023364915	0.020037757	-0.053241886
-88	0.109448082	-0.019757562	0.062520762	-0.042713765	0.105268482	-0.058148421	0.090708666	-9.29E-05	9.14E-02	1.99E-03	0.063687802	0.022471096	0.077318135	0.017585555	0.084865015	-0.016961033
-84	0.134095118	-0.061764268	0.092844392	-0.085964179	0.131137949	-0.092352596	0.109788297	-0.040834057	0.141580875	0.033133309	0.131368247	0.061296242	0.145090723	0.05849284	0.147602076	0.022959198
-80	0.142687794	-0.092607375	0.112984531	-0.116738786	0.137688838	-0.118288119	0.113472621	-0.074354306	0.17877174	0.05666089	0.179539082	0.090398763	0.191970656	0.089113075	0.197234696	0.055666729
-76	0.13244783	-0.116107688	0.116417659	-0.138638699	0.12435787	-0.138507831	0.100677763	-0.105071065	0.19645676	0.060480533	0.204874125	0.098648818	0.214791299	0.096823662	0.226806923	0.06570614
-72	0.101927895	-0.131838599	0.097987034	-0.150064567	0.091574802	-0.147285858	0.070521389	-0.131419912	0.193905255	0.042898456	0.210422955	0.081896808	0.216744348	0.078191963	0.233608526	0.047787642
-68	0.052428209	-0.134712246	0.056642798	-0.146683596	0.041013995	-0.137107876	0.021650729	-0.146326377	0.177227452	0.014946417	0.198917483	0.04828575	0.201080855	0.043136583	0.219776853	0.013066733
-64	-0.00715576	-0.120943337	0.000221528	-0.127000689	-0.018538981	-0.107575051	-0.039739596	-0.143864725	0.153609479	-0.009279282	0.171957861	0.013136833	0.170283389	0.007820457	0.190157618	-0.020074051
-60	-0.062827046	-0.092352796	-0.057344979	-0.093801423	-0.073723526	-0.065889869	-0.099088424	-0.124384939	0.1289154	-0.02179694	0.137932066	-0.010592443	0.133990036	-0.015357122	0.154645717	-0.038241788
-56	-0.103032294	-0.058451586	-0.103780416	-0.05619741	-0.11431449	-0.023864764	-0.142190066	-0.097437083	0.108786828	-0.022365865	0.112183874	-0.018959823	0.108324149	-0.022995715	0.127081677	-0.037900986
-52	-0.122045086	-0.031291869	-0.131076372	-0.026305244	-0.133875892	0.009518653	-0.160923487	-0.075592014	0.097159004	-0.012522208	0.104127568	-0.014977961	0.102206184	-0.017787727	0.115406511	-0.021904316
-48	-0.118671144	-0.013920862	-0.135045602	-0.006813039	-0.128204097	0.035563574	-0.153733807	-0.060526618	0.096078689	0.008149251	0.112571608	-0.000275937	0.113308046	-0.000883255	0.119586994	0.007122602
-44	-0.095580935	0.000776047	-0.115681629	0.010717797	-0.098219888	0.061281444	-0.125124794	-0.042533808	0.107962668	0.038196186	0.13350654	0.024825095	0.137328514	0.026907338	0.139309022	0.046189206
-40	-0.059627061	0.01662004	-0.078332158	0.030125213	-0.053946454	0.086642852	-0.08347247	-0.018249624	0.130010659	0.069418635	0.159080592	0.055027502	0.166321241	0.058904673	0.169024806	0.087543053
-36	-0.020979807	0.026176006	-0.034306307	0.042097421	-0.01240625	0.100205448	-0.038952628	0.000175422	0.147085774	0.092698702	0.17186552	0.082497891	0.181576502	0.086630556	0.188139815	0.121931255
-32	0.009989991	0.019748062	0.002115968	0.034500204	0.012758362	0.089083062	-0.001848954	-0.001204791	0.140375443	0.109302466	0.156217467	0.10584559	0.165909049	0.10990807	0.173414416	0.148829271
-28	0.023755942	-0.002747216	0.018059878	0.006252374	0.017131153	0.0531446	0.018121999	-0.022981013	0.103867861	0.129338001	0.11246926	0.129168635	0.119536836	0.134644618	0.120220245	0.175229088
-24	0.014159856	-0.028151177	0.008031828	-0.028035347	0.000796717	0.00972839	0.013696715	-0.050462431	0.047056185	0.152306999	0.051623188	0.147410519	0.054744168	0.155698435	0.042970864	0.197693928
-20	-0.012420492	-0.039242366	-0.018503037	-0.046717421	-0.028694125	-0.017037368	-0.010303311	-0.064137878	-0.014404652	0.161745569	-0.014318272	0.145911578	-0.015235459	0.15656445	-0.039020072	0.199688452
-16	-0.037820934	-0.028651461	-0.042263879	-0.037953706	-0.054730985	-0.013276298	-0.035882445	-0.054201057	-0.063781805	0.14357436	-0.070619603	0.116296017	-0.075030629	0.127641057	-0.107386207	0.169672304
-12	-0.049174802	-0.002451932	-0.05098402	-0.007575286	-0.065592054	0.016516271	-0.048900914	-0.026288171	-0.09227714	0.099546498	-0.10671965	0.064289101	-0.113785032	0.074900238	-0.151619418	0.110504391
-8	-0.05074933	0.025950372	-0.049077074	0.026894836	-0.065217559	0.054358778	-0.052594498	0.004986606	-0.105837145	0.045674407	-0.127013587	0.006501333	-0.135820748	0.015480689	-0.176061014	0.037692401
-4	-0.057470359	0.045617005	-0.052034823	0.050824015	-0.067109889	0.083227664	-0.061321293	0.027899863	-0.114045098	0.002810599	-0.142141445	-0.036303136	-0.151736602	-0.029656622	-0.19019904	-0.024335831
0	-0.076728992	0.059385893	-0.069434294	0.06663079	-0.078478691	0.101062906	-0.081862697	0.045841647	-0.115789446	-0.015035769	-0.152023529	-0.049804389	-0.161332217	-0.046168299	-0.194365209	-0.054276341
4	-0.096985355	0.082268835	-0.090659455	0.090400066	-0.091556218	0.121600953	-0.101596431	0.074037059	-0.103640501	-0.007551119	-0.147931328	-0.033807216	-0.156024687	-0.033372427	-0.182981791	-0.047969215
8	-0.093900427	0.122811516	-0.088437066	0.130094011	-0.088062815	0.157973635	-0.095290112	0.120526063	-0.075238332	0.014316802	-0.123601888	-0.001634722	-0.130170744	-0.003810155	-0.153582611	-0.020899718
12	-0.05092185	0.170499708	-0.042333933	0.173652508	-0.051410638	0.205186896	-0.04630859	0.173513056	-0.035022692	0.035273266	-0.079061385	0.027323663	-0.08418526	0.023743481	-0.107421423	0.002904114
16	0.023820464	0.207060588	0.039396732	0.203940311	0.018718299	0.245708006	0.035705941	0.21284444	0.007927588	0.043183167	-0.021987651	0.039165937	-0.025560239	0.034912427	-0.050778706	0.006391813
20	0.106098318	0.220389702	0.128443535	0.211881706	0.105625835	0.263898509	0.124696307	0.224663543	0.044187507	0.034693885	0.034121204	0.031298352	0.032170886	0.025951708	0.00475829	-0.012370049
24	0.176273684	0.205648808	0.201862376	0.194242182	0.187615258	0.251270676	0.199248945	0.203679718	0.072157198	0.016928354	0.080425591	0.011660656	0.07962411	0.00444623	0.052286624	-0.041059568
28	0.224461777	0.165258383	0.249876894	0.153830118	0.247325747	0.209911972	0.247326124	0.153684288	0.094585765	0.004564968	0.117053322	-0.00399195	0.116428713	-0.012485122	0.090995168	-0.058097087
32	0.243018967	0.112551378	0.266758349	0.104990339	0.273789702	0.156519845	0.260806401	0.090953701	0.108045664	0.012487119	0.143041318	0.000592547	0.141748959	-0.006890634	0.117795786	-0.044638242
36	0.22543603	0.064052	0.247646444	0.064610873	0.263131249	0.109583117	0.236428925	0.03435031	0.102596343	0.046944105	0.148530684	0.032244764	0.146127025	0.028208377	0.122099844	0.002406227
40	0.174672717	0.023061841	0.196053132	0.034037273	0.22014419	0.070113822	0.180469213	-0.01229852	0.074431145	0.102493036	0.126029992	0.085476109	0.12225552	0.085952159	0.097240346	0.070303631
44	0.107181788	-0.017722438	0.12937015	0.002467589	0.158107991	0.028198092	0.108630453	-0.056572955	0.035016608	0.164972163	0.086682089	0.144633519	0.081588162	0.149232502	0.055368157	0.138403989
48	0.044213678	-0.058859906	0.070324747	-0.033102121	0.095127808	-0.016041429	0.040660593	-0.098212808	0.001603487	0.217364114	0.051510206	0.191398038	0.045566308	0.199154609	0.018577582	0.188381571
52	-0.001755157	-0.091938629	0.031189983	-0.064889771	0.046098604	-0.052420314	-0.009457408	-0.128027242	-0.016466162	0.24682182	0.032080333	0.213885382	0.026040255	0.223904743	-0.000688782	0.211345112
56	-0.032559419	-0.112338892	0.006415906	-0.087127326	0.014352045	-0.075696644	-0.041174982	-0.141660246	-0.015229775	0.248194651	0.030696253	0.208977694	0.025662446	0.220276621	0.000484915	0.206491753
60	-0.058522398	-0.125121774	-0.019835743	-0.103568745	-0.009879614	-0.091245356	-0.065714016	-0.146267775	0.009968292	0.223222904	0.050580298	0.179528497	0.047931587	0.190742501	0.026091586	0.176701877
64	-0.084641124	-0.137276473	-0.054970295	-0.120693834	-0.034053907	-0.106578964	-0.090876849	-0.151455719	0.057092589	0.183428752	0.091454868	0.136097872	0.0918131	0.145931303	0.07424379	0.134154909
68	-0.101648128	-0.15038488	-0.084416669	-0.139876945	-0.049218395	-0.123346171	-0.107688337	-0.160161411	0.112121662	0.151051948	0.141649302	0.09725166	0.144220022	0.105680462	0.130142332	0.102937973
72	-0.09611326	-0.15995243	-0.085118259	-0.155378107	-0.041753551	-0.136247725	-0.100254489	-0.166655298	0.158826044	0.14293062	0.185264411	0.077808934	0.188481368	0.086137849	0.176402587	0.100242294
76	-0.064948661	-0.159415132	-0.048829057	-0.158025702	-0.010903455	-0.13817986	-0.064046744	-0.161782747	0.185898204	0.154042647	0.21038746	0.075045489	0.213035671	0.084192867	0.202639679	0.11800358
80	-0.015512866	-0.143898911	0.012788265	-0.141207293	0.032558451	-0.126084909	-0.007713334	-0.140860772	0.18767559	0.163886229	0.211031389	0.073190798	0.212603443	0.082387023	0.204499902	0.132158474
84	0.040262808	-0.111302646	0.078489756	-0.104517574	0.075360791	-0.099499129	0.05459937	-0.104820355	0.16280574	0.160561485	0.184587079	0.064183457	0.184584046	0.071991962	0.178853131	0.13016648
88	0.091274528	-0.064752051	0.132071176	-0.055039614	0.109458348	-0.060397298	0.110833852	-0.058181044	0.113632198	0.151441039	0.131017299	0.055312025	0.128255497	0.061613665	0.122973505	0.120393256
92	0.132145606	-0.01355793	0.170083204	-0.004350243	0.137180077	-0.015737428	0.154859012	-0.008335496	0.048130526	0.149626632	0.058352555	0.05523848	0.051628605	0.061439114	0.043583037	0.116109211
96	0.163935058	0.030995725	0.197414706	0.036813173	0.168329415	0.024245969	0.187251592	0.035943129	-0.018111707	0.157034336	-0.014332697	0.062663467	-0.024751651	0.069858504	-0.037892426	0.120061153
100	0.189671018	0.060406844	0.2184102	0.061333829	0.207282505	0.050081942	0.212223138	0.067271095	-0.068541855	0.165559166	-0.067504387	0.071859063	-0.079783223	0.079585579	-0.098320823	0.127557503
104	0.208772529	0.073733255	0.232925186	0.069577724	0.243571501	0.059597365	0.231211551	0.08371154	-0.096675722	0.169179204	-0.094908163	0.077862739	-0.107286179	0.084989297	-0.129564844	0.133482404
108	0.217686948	0.081057917	0.239761288	0.07357477	0.261167034	0.064935521	0.241604703	0.093250355	-0.108996887	0.16945771	-0.10315994	0.077673048	-0.115111036	0.083800505	-0.139504108	0.134352042
112	0.215228663	0.095889497	0.240537701	0.088347015	0.256539993	0.083785877	0.241392774	0.10801415	-0.11728474	0.171510394	-0.104124456	0.072564483	-0.116102397	0.078477773	-0.141744784	0.129853883
116	0.205345997	0.124738335	0.239810724	0.119866206	0.242519173	0.124022209	0.233162439	0.134645995	-0.128116477	0.182801287	-0.106744083	0.074096495	-0.119097592	0.081033608	-0.146153536	0.129247337
120	0.193393275	0.162626944	0.239750486	0.161587889	0.232693525	0.17702506	0.221366693	0.168278178	-0.138588154	0.212485348	-0.111587481	0.099563404	-0.124127993	0.108242013	-0.153400643	0.149057496
124	0.18300889	0.195231538	0.237999943	0.198065767	0.22970612	0.222692492	0.209490789	0.194351702	-0.141318652	0.263560261	-0.111889179	0.155862396	-0.124094709	0.166446247	-0.157105679	0.197893715
128	0.179757925	0.206986261	0.238032333	0.213170881	0.233580061	0.242963881	0.203883751	0.199211678	-0.128319009	0.326887837	-0.097489587	0.231397075	-0.10865981	0.244168232	-0.147111598	0.266592391
132	0.187098946	0.195189652	0.247252244	0.203957702	0.246623167	0.235191936	0.209362893	0.184593544	-0.093400157	0.388062581	-0.060815507	0.305860174	-0.069923983	0.321507399	-0.113806998	0.337621808
136	0.196229837	0.175580883	0.260547405	0.186360245	0.26434007	0.214276065	0.217651065	0.168911105	-0.035970596	0.439790279	-0.003843502	0.367938366	-0.009968467	0.386916003	-0.055796087	0.401178964
140	0.192422542	0.167137826	0.262774981	0.179610912	0.275420721	0.198670647	0.213900781	0.168686923	0.03712305	0.481210148	0.063710448	0.415632162	0.060886478	0.437403744	0.018068941	0.454198
144	0.170690195	0.173876753	0.246216215	0.187188785	0.272609533	0.195330928	0.193641036	0.182256918	0.115541299	0.512901431	0.132417209	0.447557925	0.132325405	0.470743856	0.095696851	0.494489455
148	0.136013536	0.184507715	0.213201846	0.197096962	0.254138575	0.197322757	0.162791583	0.194817377	0.192712436	0.539901442	0.198984207	0.465137903	0.200693568	0.488893988	0.171258717	0.524505131
152	0.093992393	0.182702449	0.167817893	0.193160996	0.219349845	0.189902782	0.125736768	0.190449009	0.264560476	0.567377341	0.261001219	0.473119568	0.264131144	0.497703721	0.242093298	0.549684305
156	0.048319451	0.159327389	0.115106728	0.166926009	0.170745809	0.161880132	0.082542997	0.162947221	0.319727655	0.588976252	0.306660179	0.471603109	0.311271223	0.497352956	0.296297513	0.567795745
160	0.006357986	0.119826756	0.065384097	0.124703634	0.11820952	0.117069278	0.037486569	0.12053261	0.342362503	0.590360592	0.318422726	0.455708517	0.324158108	0.482160707	0.31685819	0.569132262
164	-0.022319997	0.077373155	0.031164577	0.08015283	0.074105254	0.069525148	0.000729788	0.076315661	0.328963713	0.563206449	0.291280974	0.422048211	0.297240206	0.448346974	0.302455038	0.544797665
168	-0.03750433	0.039110081	0.014090241	0.040468417	0.041449227	0.028741174	-0.023819275	0.035534907	0.292211871	0.511544546	0.238480176	0.372273854	0.243941989	0.398061119	0.269397643	0.493660411
172	-0.054370522	0.005606213	-0.002026788	0.006128207	0.009644546	-0.003248118	-0.047911901	-0.002284601	0.245787721	0.444137275	0.176975508	0.307964225	0.181737731	0.33333644	0.230738563	0.419509949
176	-0.092520879	-0.022192309	-0.038973352	-0.021537183	-0.035863133	-0.025059191	-0.090325284	-0.03551936	0.192071467	0.363632802	0.113068507	0.226339142	0.117339531	0.250537426	0.183683158	0.324140384
180	-0.156182072	-0.042443986	-0.102012503	-0.039664775	-0.098895199	-0.034963453	-0.155920799	-0.06204288	0.12787703	0.271658252	0.045568076	0.130685257	0.049639848	0.152119007	0.121834684	0.214193647
184	-0.229585629	-0.055715349	-0.174743306	-0.047833583	-0.169977486	-0.036130994	-0.229145213	-0.082554596	0.057847783	0.179144216	-0.022942975	0.036153572	-0.018931197	0.053936739	0.051794201	0.108128927
188	-0.29220784	-0.065210182	-0.236847015	-0.050837595	-0.236143532	-0.035375432	-0.289332222	-0.099370493	-0.004753841	0.099416606	-0.085905188	-0.045858722	-0.082109948	-0.03086852	-0.010328177	0.021726685
192	-0.334621026	-0.078734279	-0.280361113	-0.060145403	-0.288568964	-0.041135079	-0.328492069	-0.118797628	-0.056559181	0.035888876	-0.145784629	-0.116261329	-0.142765901	-0.102450186	-0.061129776	-0.044682455
196	-0.361279623	-0.111051842	-0.310081415	-0.092339352	-0.326332847	-0.067080171	-0.353259317	-0.153572225	-0.109971507	-0.018734026	-0.214125444	-0.179175429	-0.212826172	-0.165821132	-0.115878709	-0.100767745
200	-0.381380396	-0.173006269	-0.332991094	-0.15593698	-0.355022032	-0.124696726	-0.373769858	-0.213807842	-0.171989695	-0.076103055	-0.290002916	-0.238331012	-0.291075307	-0.226431163	-0.183149283	-0.158221169
204	-0.401692287	-0.254098165	-0.353561666	-0.236917887	-0.382461708	-0.204360851	-0.396986426	-0.2911438	-0.232383574	-0.143965824	-0.353561523	-0.298211298	-0.356745327	-0.289708668	-0.249362814	-0.225200675
208	-0.423387924	-0.327582862	-0.372693635	-0.307137022	-0.410897639	-0.277238875	-0.423725879	-0.362468803	-0.279585487	-0.217305284	-0.390279754	-0.358336584	-0.39498027	-0.354086968	-0.298669554	-0.298014404
212	-0.443169023	-0.376138414	-0.387742768	-0.350688188	-0.435001257	-0.32315718	-0.449447098	-0.412825086	-0.316645588	-0.281663327	-0.408650728	-0.410736277	-0.414818268	-0.40962363	-0.334234039	-0.362235992
216	-0.460023981	-0.404515202	-0.397100992	-0.374307612	-0.448893289	-0.346036929	-0.470630341	-0.447546986	-0.353882466	-0.324158768	-0.426245285	-0.445220959	-0.434319489	-0.445468386	-0.369966088	-0.4047189
220	-0.477448478	-0.424103461	-0.403888391	-0.390753818	-0.453713422	-0.358735232	-0.48895233	-0.475682935	-0.391665831	-0.343038492	-0.447831908	-0.458673445	-0.45786243	-0.459430248	-0.408904825	-0.424391074
224	-0.49590802	-0.436865225	-0.410829897	-0.402825521	-0.454539634	-0.364557695	-0.505589862	-0.49541251	-0.420467531	-0.347145978	-0.467540346	-0.457489241	-0.479328107	-0.458925274	-0.442268086	-0.430068279
228	-0.5107355	-0.434603184	-0.417792418	-0.401718532	-0.455841534	-0.353964192	-0.518271022	-0.496097745	-0.434851234	-0.345634832	-0.48333337	-0.450501383	-0.496841896	-0.452630482	-0.464077991	-0.429177878
232	-0.52074862	-0.407288621	-0.426359209	-0.374780891	-0.461996744	-0.316091351	-0.526439067	-0.46804351	-0.430929209	-0.341256247	-0.489013095	-0.441219378	-0.503547672	-0.443569842	-0.467804438	-0.42421718
236	-0.525766867	-0.35249777	-0.435032136	-0.318495616	-0.470966221	-0.252427776	-0.528346993	-0.410921795	-0.40094201	-0.330040878	-0.468855118	-0.425516341	-0.482123734	-0.427630544	-0.440894993	-0.411912094
240	-0.51779741	-0.279292423	-0.431585155	-0.245005482	-0.470953223	-0.178324827	-0.514338129	-0.336131572	-0.347110608	-0.307260267	-0.417191074	-0.398774081	-0.426614191	-0.400510081	-0.381895561	-0.388143521
244	-0.487863385	-0.201816035	-0.405277364	-0.171588939	-0.453082787	-0.110055996	-0.475605932	-0.258350491	-0.289034658	-0.277395322	-0.348410542	-0.366718088	-0.353306699	-0.368011725	-0.310851148	-0.358433775
248	-0.439700587	-0.130822041	-0.362372352	-0.106807684	-0.421580982	-0.052954669	-0.417558052	-0.187094013	-0.248666048	-0.253969602	-0.283634417	-0.342777725	-0.285935832	-0.343431192	-0.255269808	-0.337228145
252	-0.386557244	-0.070442989	-0.317579211	-0.049370194	-0.385942115	-0.004461221	-0.355606187	-0.125553959	-0.233652014	-0.247635337	-0.236226508	-0.3361307	-0.239027533	-0.336226686	-0.2308808	-0.335087654
256	-0.33797331	-0.01757651	-0.277436499	0.006228189	-0.350368389	0.038514285	-0.301019789	-0.070680746	-0.233930025	-0.258254216	-0.206885211	-0.344780022	-0.212350662	-0.345133466	-0.233068655	-0.350950321
260	-0.294798928	0.036355859	-0.238170519	0.066633701	-0.312355686	0.081406462	-0.255033946	-0.013005892	-0.230565908	-0.2738586	-0.186243295	-0.354331694	-0.194639876	-0.356221917	-0.241631015	-0.369907909
264	-0.253103552	0.096629203	-0.19433101	0.133360683	-0.269180732	0.129920176	-0.21217263	0.05361431	-0.208945137	-0.277946514	-0.162028908	-0.347076303	-0.172410434	-0.351296876	-0.234612437	-0.373819959
268	-0.208931466	0.156536639	-0.145084933	0.196551972	-0.221631513	0.180763054	-0.165905348	0.121318145	-0.165461125	-0.262152865	-0.127661876	-0.318318429	-0.138902542	-0.324706173	-0.201538864	-0.358176622
272	-0.163354181	0.205087712	-0.096015193	0.24495492	-0.173857722	0.224095291	-0.115652919	0.177067926	-0.10855809	-0.227053274	-0.086592838	-0.274102016	-0.097607394	-0.281869426	-0.149481269	-0.3291892
276	-0.121584209	0.241264229	-0.054981602	0.279440013	-0.132531004	0.256726726	-0.066821935	0.218733578	-0.054304236	-0.175913215	-0.04764903	-0.218437865	-0.057413891	-0.226613663	-0.096881967	-0.289001223
280	-0.087518214	0.275027934	-0.025877183	0.311390053	-0.102781176	0.285125788	-0.025126879	0.256950187	-0.013826637	-0.118790998	-0.014670596	-0.15606665	-0.0222593	-0.163907076	-0.056354652	-0.240111409
284	-0.058338815	0.315741811	-0.003926972	0.350430506	-0.08202762	0.317003987	0.01007125	0.302860583	0.012912522	-0.071826553	0.013525155	-0.099356398	0.008601116	-0.106625466	-0.027897875	-0.193167895
288	-0.02774658	0.362945657	0.020500746	0.395748625	-0.062346403	0.353703228	0.044181964	0.35685306	0.029634833	-0.047519147	0.036018321	-0.064475489	0.033423704	-0.071247193	-0.00803911	-0.162414508
292	0.006644484	0.409079489	0.05272054	0.439135511	-0.036084341	0.392027864	0.080260343	0.411131094	0.036656729	-0.046322062	0.048266016	-0.058107516	0.047109003	-0.064444865	0.002682458	-0.152350577
296	0.041131168	0.447452706	0.089168716	0.474328483	-0.00071604	0.429299558	0.115462224	0.458850791	0.030750552	-0.058103696	0.044885566	-0.070602346	0.044248746	-0.076491095	-0.001402498	-0.154190663
300	0.068395431	0.473997874	0.119760309	0.499038586	0.035444094	0.461589924	0.142175881	0.494525438	0.008398341	-0.069312069	0.023200287	-0.085881045	0.022319055	-0.091581261	-0.026612521	-0.15632581
304	0.082173436	0.487976038	0.134958634	0.513491816	0.056020293	0.481904765	0.153820632	0.513491965	-0.026294688	-0.069826169	-0.010121036	-0.093709221	-0.011832921	-0.099578475	-0.068257008	-0.151628271
308	0.083840291	0.493079906	0.136282568	0.520219019	0.053270246	0.48571494	0.152320139	0.516749177	-0.061457972	-0.058020388	-0.040944721	-0.092303814	-0.043707875	-0.0982975	-0.109852837	-0.138025567
312	0.081722806	0.491886786	0.134722891	0.520814979	0.037074575	0.474162787	0.147285072	0.508110132	-0.088391199	-0.042567664	-0.060152302	-0.087349895	-0.063747219	-0.093421098	-0.137714476	-0.122048429
316	0.083982454	0.481255575	0.138350582	0.511741292	0.024282093	0.450805633	0.148725691	0.488136607	-0.106089852	-0.033872555	-0.06991615	-0.084352188	-0.073702336	-0.091279451	-0.150071377	-0.113152052
320	0.096367065	0.458261791	0.150046039	0.490894026	0.027618364	0.421203029	0.163651238	0.457029024	-0.119184678	-0.035741943	-0.080315171	-0.083383167	-0.083684532	-0.092448846	-0.156345336	-0.114786311
324	0.12295894	0.429343111	0.172988634	0.46639398	0.05264708	0.395223557	0.195247808	0.422698137	-0.135867671	-0.047646184	-0.102709472	-0.085156233	-0.105912663	-0.096782045	-0.170990776	-0.126461963
328	0.16150466	0.404286101	0.206858041	0.448162101	0.095812487	0.379224011	0.238570788	0.395123828	-0.162610955	-0.067207617	-0.141871549	-0.094060208	-0.146207401	-0.107169488	-0.202465164	-0.146922687
332	0.204808642	0.385933459	0.247781547	0.436478518	0.147922909	0.368538847	0.283943052	0.37785181	-0.196414351	-0.092280994	-0.188677442	-0.114517521	-0.195436452	-0.127517199	-0.243907793	-0.176393644
336	0.244531712	0.373879381	0.289485196	0.428747407	0.199011236	0.357180805	0.322549783	0.370853617	-0.223452571	-0.125679582	-0.223087137	-0.151106122	-0.231990384	-0.163775504	-0.275335349	-0.219128911
340	0.269832039	0.368342156	0.318909409	0.425162584	0.236990524	0.346094185	0.344080753	0.37193404	-0.231910977	-0.172339498	-0.230815699	-0.20688041	-0.240228439	-0.220800298	-0.282479707	-0.278383886
344	0.271639842	0.365451717	0.322410846	0.422036079	0.251208074	0.337240593	0.340293773	0.371797557	-0.224310015	-0.22751177	-0.218047459	-0.274410544	-0.226738247	-0.291083364	-0.270652494	-0.344582348
348	0.251171776	0.358986051	0.300662914	0.41308004	0.238393672	0.33012156	0.313992972	0.360698416	-0.215343047	-0.276149165	-0.2056704	-0.336708904	-0.213997104	-0.355799441	-0.257843959	-0.398801613
352	0.217957065	0.34868123	0.267424851	0.399707799	0.203738153	0.325034136	0.275474229	0.339911745	-0.221240584	-0.306658171	-0.213298628	-0.380751065	-0.222561325	-0.400464796	-0.261648609	-0.428945559
356	0.180035661	0.339731357	0.234416344	0.389611542	0.158167287	0.322339276	0.232251525	0.320327157	-0.247770336	-0.323089149	-0.245306533	-0.408172896	-0.256362835	-0.426947202	-0.287111869	-0.440501279
360	0.146794054	0.335109549	0.209558702	0.385986262	0.118211451	0.320158613	0.193865342	0.310032679	-0.286437766	-0.345353447	-0.290301123	-0.436855355	-0.303031846	-0.455011849	-0.323682539	-0.457249356
364	0.131609162	0.334173927	0.20246943	0.385947448	0.100536628	0.31715218	0.175637704	0.308802679	-0.328434902	-0.391299693	-0.337875728	-0.485271403	-0.352201808	-0.504675735	-0.362168257	-0.5026845
368	0.14105127	0.333793789	0.217510455	0.385083288	0.109412516	0.312143307	0.185464918	0.309334545	-0.375210343	-0.456970419	-0.389850804	-0.550857372	-0.406553942	-0.572837827	-0.408231633	-0.573569689
372	0.166923687	0.32867705	0.246533524	0.378384736	0.136067278	0.301404958	0.214095602	0.302671895	-0.429533195	-0.51901374	-0.450703267	-0.611297008	-0.470508879	-0.635029664	-0.469138193	-0.640696033
376	0.190902629	0.315605401	0.272251769	0.363370879	0.164772077	0.282760066	0.240918528	0.28504519	-0.484432027	-0.558303266	-0.515095324	-0.648494928	-0.537217378	-0.672055485	-0.535959922	-0.679557307
380	0.197328742	0.29861071	0.280286462	0.345428905	0.178904492	0.261944344	0.249130749	0.262869855	-0.530439346	-0.573707612	-0.572310592	-0.661447395	-0.594887933	-0.683774267	-0.592292753	-0.688453433
384	0.185156568	0.288006627	0.270320586	0.336531467	0.172732302	0.251044639	0.238992825	0.250259097	-0.566649596	-0.572731586	-0.617562525	-0.656252251	-0.639135734	-0.677245973	-0.632308262	-0.677334062
388	0.162967396	0.293773585	0.250263361	0.347097666	0.151616218	0.260358841	0.220666509	0.26014244	-0.596998371	-0.562350829	-0.652066097	-0.640430072	-0.67217624	-0.660112137	-0.660018911	-0.657715635
392	0.135783183	0.319043222	0.225212159	0.37870149	0.122014766	0.291797344	0.199280054	0.293963814	-0.620865495	-0.550119063	-0.677274066	-0.626598868	-0.695874631	-0.645121129	-0.678915823	-0.643273921
396	0.102892666	0.355795394	0.196224118	0.420684902	0.087187864	0.33571006	0.172213951	0.338279606	-0.635814217	-0.542681489	-0.694757571	-0.623461593	-0.711742964	-0.641885383	-0.68984319	-0.642772978
400	0.063726831	0.386298574	0.162211995	0.453358265	0.047550295	0.372702644	0.136424464	0.371317096	-0.645497921	-0.542461046	-0.708551034	-0.62789392	-0.7240456	-0.647792678	-0.695807941	-0.654315177
404	0.020358536	0.393913188	0.121663256	0.459585562	0.000333816	0.385712075	0.092896069	0.376509322	-0.659156171	-0.548144639	-0.724695314	-0.632532776	-0.739703051	-0.654978263	-0.705250819	-0.669194867
408	-0.023200229	0.375414487	0.076867055	0.435815141	-0.055695908	0.37289543	0.046978541	0.352317517	-0.680049338	-0.554525401	-0.745209858	-0.633706788	-0.761483893	-0.658247497	-0.723592206	-0.677265345
412	-0.065023787	0.338904982	0.032573086	0.391494731	-0.115717678	0.343143014	0.003429235	0.309238397	-0.700308851	-0.55386004	-0.763973795	-0.630956539	-0.782573161	-0.655628352	-0.7446821	-0.671851291
416	-0.107891581	0.295927662	-0.010776607	0.341886979	-0.172506926	0.304583393	-0.038764639	0.261998539	-0.709362935	-0.542972091	-0.771877907	-0.625500881	-0.792228266	-0.648376407	-0.756459413	-0.654984491
420	-0.154294677	0.257005508	-0.056805914	0.300613752	-0.223294861	0.263735311	-0.082994199	0.223795158	-0.701773757	-0.528080558	-0.762288044	-0.619931122	-0.782555484	-0.640847061	-0.750433969	-0.636195021
424	-0.198540862	0.226495975	-0.102779238	0.271360274	-0.266223064	0.225149738	-0.126520662	0.198465387	-0.680435705	-0.522695188	-0.7357079	-0.621323513	-0.754340889	-0.641836498	-0.727143444	-0.630225359
428	-0.228607747	0.197934129	-0.137464871	0.245059208	-0.294962231	0.184159446	-0.159622362	0.175197247	-0.659488144	-0.53815793	-0.705864921	-0.641278798	-0.722940123	-0.663284621	-0.700527775	-0.651791603
432	-0.237444729	0.15944989	-0.151195231	0.208202097	-0.302869354	0.130122395	-0.174774614	0.13771645	-0.654800553	-0.573975285	-0.691474637	-0.685018823	-0.708424764	-0.709491016	-0.689246759	-0.701318141
436	-0.227823328	0.106998988	-0.141967796	0.156705307	-0.289853466	0.062009307	-0.172075545	0.08134356	-0.668956893	-0.619998305	-0.698050902	-0.742444766	-0.716305117	-0.769163064	-0.698951094	-0.761720829
440	-0.207082121	0.051783356	-0.114759405	0.10259445	-0.263721788	-0.002504711	-0.156667919	0.020126171	-0.688298005	-0.665983607	-0.712616891	-0.795688307	-0.732527287	-0.823758411	-0.716165869	-0.814096893
444	-0.185546715	0.010201447	-0.083586966	0.063647318	-0.238593399	-0.042697466	-0.139459461	-0.026744003	-0.690376921	-0.703729908	-0.712462574	-0.832084209	-0.733359707	-0.860405484	-0.716478122	-0.848643722
448	-0.170300503	-0.011225958	-0.061976849	0.046655539	-0.222521573	-0.056370965	-0.129584524	-0.051671716	-0.660660872	-0.724635402	-0.682593462	-0.846612363	-0.703404317	-0.87379533	-0.684324837	-0.860843895
452	-0.161130135	-0.017657069	-0.052212319	0.046199739	-0.211177207	-0.05670959	-0.127099166	-0.059590648	-0.608203474	-0.721365741	-0.630291282	-0.837129681	-0.650554422	-0.861700928	-0.630566114	-0.846132071
456	-0.155649377	-0.018455338	-0.049427825	0.05204931	-0.197496276	-0.056562395	-0.127263772	-0.060407206	-0.558565084	-0.694734221	-0.580322179	-0.805733167	-0.600341109	-0.827251555	-0.58265198	-0.806998721
460	-0.151196053	-0.024560592	-0.047901353	0.051378993	-0.180216435	-0.06612045	-0.12543171	-0.066871429	-0.53176449	-0.652418906	-0.553607935	-0.758784477	-0.574030054	-0.778296485	-0.558418448	-0.753647982
464	-0.141656606	-0.041771177	-0.039801437	0.035745626	-0.161182302	-0.089357989	-0.116731703	-0.086658796	-0.531832962	-0.602754407	-0.55461301	-0.705115132	-0.576408485	-0.724075718	-0.559139812	-0.697257751
468	-0.123417018	-0.06312234	-0.020679086	0.011209895	-0.142729576	-0.116649291	-0.099938057	-0.112225935	-0.550563512	-0.55358344	-0.574786561	-0.654834568	-0.599243888	-0.673903155	-0.578101263	-0.647700627
472	-0.105390213	-0.074342652	-0.000923736	-0.006635057	-0.131526546	-0.132458536	-0.084240539	-0.126710532	-0.574236812	-0.510783572	-0.600086535	-0.613924758	-0.627724011	-0.632883756	-0.6049363	-0.609550244
476	-0.104377412	-0.067309993	-0.000234883	-0.007600917	-0.138330041	-0.130678879	-0.085646887	-0.120423362	-0.587576775	-0.474272553	-0.613345402	-0.578882476	-0.64293275	-0.597517384	-0.622786958	-0.577327068
480	-0.126128195	-0.041497902	-0.025354734	0.011104626	-0.165795655	-0.112204447	-0.109921758	-0.093604822	-0.57933257	-0.439648626	-0.59986008	-0.542902272	-0.629035093	-0.561622616	-0.615248957	-0.542505039
484	-0.158178731	-0.003112953	-0.061879755	0.045318374	-0.202827063	-0.080547768	-0.1448452	-0.054417712	-0.551533086	-0.405190309	-0.560471211	-0.506317544	-0.587466488	-0.52593818	-0.58290088	-0.505451238
488	-0.182364168	0.033252172	-0.088890155	0.080507176	-0.233573457	-0.048200925	-0.170862476	-0.018588802	-0.520681869	-0.374790316	-0.515314643	-0.475328788	-0.540281445	-0.496088986	-0.547049759	-0.474402698
492	-0.190377989	0.055007954	-0.096631762	0.101942335	-0.24841934	-0.028860631	-0.17779805	0.000952058	-0.49864024	-0.351176541	-0.482514893	-0.451451062	-0.506711568	-0.472745676	-0.5240734	-0.453665042
496	-0.189239166	0.058083848	-0.09249409	0.104350295	-0.248568861	-0.026797544	-0.172881416	0.000571893	-0.480898846	-0.331807294	-0.461053859	-0.431628354	-0.485080959	-0.452985571	-0.508123474	-0.440155491
500	-0.191972275	0.043254529	-0.091382909	0.088595013	-0.243430821	-0.041017457	-0.171417941	-0.017549326	-0.462451431	-0.314941349	-0.443398271	-0.417111062	-0.467049854	-0.439050328	-0.490427284	-0.430666849
504	-0.203166262	0.016747126	-0.100567185	0.061883348	-0.241530561	-0.067039091	-0.180411273	-0.045886728	-0.449685982	-0.301964508	-0.431345061	-0.410258966	-0.454849168	-0.43352683	-0.477283301	-0.422330875
508	-0.223462292	-0.008087185	-0.122799779	0.038919548	-0.250947098	-0.090723967	-0.201307058	-0.071353056	-0.448966439	-0.292595104	-0.430160101	-0.408096041	-0.454341135	-0.432298376	-0.478210514	-0.410674981
512	-0.262638661	-0.020268358	-0.168168988	0.030238571	-0.285371613	-0.096527523	-0.242468427	-0.083856977	-0.457045349	-0.285145991	-0.439289868	-0.405644386	-0.464588933	-0.429612979	-0.491956386	-0.394470319
516	-0.329929373	-0.021608971	-0.242723548	0.031144212	-0.35358894	-0.083846556	-0.310676884	-0.085439972	-0.466876008	-0.28084198	-0.453283133	-0.400250373	-0.479286323	-0.4234986	-0.509872562	-0.379176674
520	-0.41396628	-0.023413267	-0.330312015	0.028348438	-0.442566182	-0.068119904	-0.393566224	-0.08766896	-0.474608623	-0.282377232	-0.466869699	-0.391132631	-0.492606145	-0.414536107	-0.525494624	-0.37120574
524	-0.487167105	-0.035586984	-0.400962958	0.012998268	-0.525107211	-0.067615477	-0.46537365	-0.100663684	-0.481958536	-0.288034395	-0.479175937	-0.379663505	-0.504246635	-0.404434753	-0.539456971	-0.371808004
528	-0.529270893	-0.060180178	-0.4361032	-0.013873562	-0.581564978	-0.090305143	-0.507480673	-0.12612683	-0.492115696	-0.292727797	-0.493742798	-0.370645866	-0.518888055	-0.397188304	-0.555868877	-0.37910185
532	-0.542774658	-0.092534633	-0.441883743	-0.043656593	-0.611415342	-0.129730747	-0.521591493	-0.159523387	-0.502965638	-0.293555136	-0.508994347	-0.367574128	-0.53540348	-0.395389484	-0.572626225	-0.389400015
536	-0.545631126	-0.12716387	-0.439188807	-0.069590895	-0.626127412	-0.173927916	-0.524244694	-0.196481143	-0.507261452	-0.29124279	-0.51595111	-0.366894383	-0.543970371	-0.395384542	-0.580225564	-0.396990011
540	-0.550293449	-0.16454811	-0.442417953	-0.096466448	-0.634316639	-0.218147482	-0.527802308	-0.2385063	-0.502121432	-0.29197147	-0.50925758	-0.365736935	-0.538608589	-0.394846717	-0.574381259	-0.401816223
544	-0.555236397	-0.208255808	-0.451596077	-0.133617604	-0.638135115	-0.26411934	-0.531275323	-0.288562705	-0.492373783	-0.305255821	-0.491996307	-0.369811786	-0.522838916	-0.399722882	-0.561324807	-0.413462549
548	-0.556782479	-0.254977024	-0.461555908	-0.179517818	-0.640100543	-0.310735394	-0.53191169	-0.341934194	-0.484050406	-0.331385182	-0.469131846	-0.382484644	-0.502304281	-0.41270681	-0.549757459	-0.435915541
552	-0.55805184	-0.294554581	-0.469695152	-0.222981515	-0.644211915	-0.352404663	-0.532837694	-0.386665658	-0.478831906	-0.356211276	-0.445361646	-0.3961023	-0.481713576	-0.425423968	-0.543463178	-0.458267436
556	-0.562579703	-0.319342402	-0.473727646	-0.256394067	-0.649876443	-0.38555858	-0.536171024	-0.413405045	-0.47462545	-0.363093903	-0.425167594	-0.39915653	-0.464645775	-0.426794891	-0.540176019	-0.465969436
560	-0.563373654	-0.326466646	-0.466918393	-0.276450798	-0.646908	-0.405775315	-0.53427625	-0.41914798	-0.464782387	-0.342481569	-0.405845245	-0.381671515	-0.447010541	-0.408038877	-0.530871472	-0.448710206
564	-0.549163909	-0.317053405	-0.443485557	-0.280579767	-0.625832677	-0.407174757	-0.517580249	-0.40704539	-0.439296668	-0.293933698	-0.377479847	-0.338567045	-0.41817266	-0.364527913	-0.504885387	-0.403284831
568	-0.520251238	-0.296591885	-0.409655576	-0.269556974	-0.591379971	-0.389555895	-0.48886852	-0.384496503	-0.396334992	-0.231637473	-0.338132788	-0.279212831	-0.377057342	-0.305259388	-0.463804235	-0.343170715
572	-0.489811898	-0.271909306	-0.380901304	-0.247894054	-0.55807458	-0.362063208	-0.461848366	-0.358929227	-0.351772832	-0.181775473	-0.302089481	-0.225974543	-0.339643849	-0.252272082	-0.426117614	-0.295819322
576	-0.470336041	-0.247566227	-0.368059577	-0.221174688	-0.53650446	-0.334269252	-0.447194269	-0.333832522	-0.331427069	-0.162989965	-0.289340704	-0.197471338	-0.327116645	-0.224299478	-0.414368454	-0.280064959
580	-0.46345286	-0.225355632	-0.369914555	-0.193585103	-0.527438538	-0.309545116	-0.444276125	-0.309542786	-0.350569314	-0.173228456	-0.308781171	-0.196478129	-0.348465249	-0.2243887	-0.437641714	-0.292621796
584	-0.460617817	-0.204926255	-0.375790172	-0.166531464	-0.52358348	-0.285443823	-0.443228885	-0.285578633	-0.401835923	-0.196428972	-0.349279403	-0.210483216	-0.391853169	-0.239807282	-0.484167171	-0.315248393
588	-0.451124843	-0.183106803	-0.373172074	-0.138135493	-0.51610119	-0.254910974	-0.433624158	-0.259425733	-0.461200389	-0.215270396	-0.388061759	-0.222044989	-0.433468227	-0.252153805	-0.530223418	-0.329419932
592	-0.432415697	-0.157668177	-0.35751957	-0.108074783	-0.502095137	-0.213628291	-0.414824301	-0.228824072	-0.506888855	-0.221896702	-0.411527602	-0.224074358	-0.458900966	-0.25382933	-0.560193427	-0.32971167
596	-0.411499492	-0.132774016	-0.33601097	-0.082761609	-0.486237064	-0.170067968	-0.394582612	-0.199270636	-0.531918133	-0.221289988	-0.424522467	-0.224224958	-0.472862296	-0.253500918	-0.576814979	-0.325226806
600	-0.397517826	-0.114668859	-0.32120344	-0.069851937	-0.476939288	-0.138471909	-0.38028305	-0.180359798	-0.540454234	-0.223628062	-0.436268531	-0.232796041	-0.484819656	-0.262782958	-0.588843493	-0.32771927
604	-0.392266701	-0.102228966	-0.317396876	-0.067057953	-0.476027936	-0.121898664	-0.371778941	-0.172094816	-0.536588333	-0.231691785	-0.44452316	-0.25123777	-0.492660833	-0.283218238	-0.595705548	-0.339686036
608	-0.390702646	-0.089506689	-0.31734413	-0.064418802	-0.47584673	-0.111151282	-0.364785726	-0.165415078	-0.518891541	-0.237664915	-0.436631123	-0.271458459	-0.483677298	-0.30550769	-0.587421171	-0.352755055
612	-0.391987776	-0.07396843	-0.317033883	-0.055032072	-0.47303997	-0.096692864	-0.361332692	-0.15448151	-0.48546273	-0.233118808	-0.404541201	-0.28226925	-0.449719895	-0.317300151	-0.556839317	-0.355713163
616	-0.40345665	-0.05436611	-0.32468481	-0.036020453	-0.476826231	-0.073189639	-0.370315598	-0.136918744	-0.439590105	-0.215701933	-0.353717385	-0.275732509	-0.396196416	-0.31034537	-0.507492806	-0.341618007
620	-0.430741395	-0.027372938	-0.349545776	-0.005348364	-0.497856647	-0.03953784	-0.39699342	-0.110020918	-0.389414208	-0.189413903	-0.298460022	-0.252635573	-0.33771902	-0.285949542	-0.450243098	-0.313715238
624	-0.469904569	0.005100621	-0.389238239	0.03201761	-0.535388537	-0.003106736	-0.437030836	-0.077205596	-0.348462615	-0.166381542	-0.256124276	-0.226770656	-0.292909816	-0.25873882	-0.402054067	-0.288213211
628	-0.511853632	0.033337608	-0.433178389	0.06389325	-0.579737538	0.023494574	-0.482123057	-0.049463873	-0.329182218	-0.161705234	-0.240228508	-0.215515945	-0.276623899	-0.246428726	-0.379338608	-0.282842929
632	-0.552621334	0.050125429	-0.474923157	0.082934812	-0.62407573	0.035310968	-0.528240838	-0.033136752	-0.330553715	-0.177347526	-0.249719323	-0.221240093	-0.287427041	-0.251016621	-0.38344817	-0.297347439
636	-0.595791318	0.056983239	-0.515824596	0.09123816	-0.670350014	0.036326353	-0.577002928	-0.025352214	-0.341728332	-0.199110456	-0.272271735	-0.230163895	-0.311168443	-0.258309079	-0.402355149	-0.313530246
640	-0.639346441	0.061370896	-0.553444444	0.09654685	-0.718246612	0.033230504	-0.624410658	-0.0185451	-0.358367861	-0.211314411	-0.300608433	-0.228634691	-0.339699422	-0.254717817	-0.429523563	-0.314308816
644	-0.667703306	0.070657578	-0.575408834	0.106863642	-0.753852	0.033871018	-0.653831616	-0.006351136	-0.385097792	-0.206817204	-0.335123856	-0.213229355	-0.374382348	-0.23693034	-0.467945808	-0.294789356
648	-0.66170728	0.084090273	-0.566587986	0.121472664	-0.755466319	0.041610212	-0.645595826	0.00908733	-0.425245625	-0.187199531	-0.37571855	-0.189852586	-0.416329647	-0.210851077	-0.518111506	-0.261639336
652	-0.615030991	0.092220933	-0.5214108	0.129381856	-0.711182914	0.050743311	-0.593798811	0.016873059	-0.475180102	-0.160130402	-0.419657635	-0.168056589	-0.462959344	-0.186179252	-0.573315201	-0.228456877
656	-0.540619403	0.08998355	-0.450020907	0.1252408	-0.631159668	0.056521634	-0.513024422	0.011225142	-0.527951472	-0.136046204	-0.464119267	-0.153696395	-0.510374371	-0.169496121	-0.626103397	-0.207695901
660	-0.461647456	0.086811592	-0.372055677	0.120753228	-0.540641139	0.065719653	-0.428118348	0.001347684	-0.579934173	-0.120955584	-0.507697504	-0.144517507	-0.556111261	-0.15925539	-0.674768889	-0.201569839
664	-0.394205718	0.095131811	-0.302668202	0.130980104	-0.462372292	0.087253016	-0.355752801	0.001458136	-0.634811788	-0.112791516	-0.552974301	-0.13271349	-0.603088689	-0.14751095	-0.726243474	-0.202687489
668	-0.343907398	0.114537617	-0.249443673	0.155306937	-0.408117001	0.118785096	-0.301168032	0.015170242	-0.696208791	-0.110803434	-0.602733942	-0.117533106	-0.655237786	-0.132969839	-0.787582748	-0.209167258
672	-0.31385418	0.129620925	-0.217222442	0.174693342	-0.382837354	0.143503683	-0.267347864	0.029699259	-0.757701652	-0.120831626	-0.65368838	-0.111783645	-0.709301668	-0.128498137	-0.853419283	-0.230541897
676	-0.307570395	0.122884912	-0.209080705	0.167115217	-0.385825719	0.141396745	-0.258697915	0.025373037	-0.804333973	-0.143145738	-0.69767762	-0.124145666	-0.755791594	-0.142998088	-0.90801622	-0.268990113
680	-0.323448347	0.091780615	-0.223219246	0.128292839	-0.408090349	0.106946833	-0.274264239	-0.004440096	-0.822233337	-0.162673947	-0.72391226	-0.142243342	-0.782835199	-0.163497767	-0.934933961	-0.304767299
684	-0.354419219	0.046404029	-0.253620513	0.07144514	-0.438579829	0.051222099	-0.30696531	-0.050579833	-0.804116736	-0.159086094	-0.719920544	-0.142749499	-0.778077463	-0.165252911	-0.922598273	-0.309415709
688	-0.394156801	-0.005497098	-0.295072526	0.009474464	-0.473988777	-0.011576429	-0.350716639	-0.10149702	-0.751782227	-0.125477691	-0.676775593	-0.114748565	-0.733169955	-0.135899881	-0.868340452	-0.271188039
692	-0.437706688	-0.062173617	-0.342744977	-0.052417071	-0.513634813	-0.073265437	-0.400970222	-0.152321827	-0.673923977	-0.08119721	-0.596327997	-0.076194262	-0.649767167	-0.093510287	-0.779269512	-0.212676102
696	-0.478606205	-0.117356005	-0.388697843	-0.107071063	-0.550135219	-0.126679958	-0.450295332	-0.199551173	-0.581831103	-0.060130972	-0.494083819	-0.06414118	-0.542660614	-0.077410887	-0.67045168	-0.176825429
700	-0.50919932	-0.158543629	-0.423026617	-0.143142667	-0.573640858	-0.16292775	-0.489301992	-0.237496056	-0.488822926	-0.0814826	-0.39521666	-0.101499145	-0.437302983	-0.112894771	-0.562036963	-0.188962343
704	-0.522340501	-0.176291488	-0.436886563	-0.153855087	-0.579330034	-0.178166463	-0.509357184	-0.260083244	-0.409904331	-0.136677915	-0.321085051	-0.177934892	-0.356393024	-0.189931737	-0.471088279	-0.240416071
708	-0.514712048	-0.168502898	-0.426926748	-0.140336391	-0.567246177	-0.174722518	-0.506628713	-0.261459696	-0.358344694	-0.201884481	-0.280413037	-0.263706895	-0.309890704	-0.277259962	-0.406867926	-0.305231919
712	-0.492581448	-0.137225144	-0.402146919	-0.106321031	-0.543498204	-0.152940621	-0.486981547	-0.236159241	-0.340728525	-0.25653201	-0.274309923	-0.33388376	-0.299753593	-0.348469866	-0.376038543	-0.361891737
716	-0.46399495	-0.087595817	-0.373966575	-0.056882498	-0.514296856	-0.110238473	-0.458227668	-0.184809061	-0.349755302	-0.293008427	-0.296026799	-0.378709282	-0.319424525	-0.393486344	-0.37814614	-0.40113068
720	-0.426222388	-0.028325471	-0.340891188	0.000635386	-0.476816084	-0.04837536	-0.417797818	-0.117633737	-0.360030162	-0.309895803	-0.319986942	-0.394291332	-0.342257477	-0.408773875	-0.389057214	-0.417506277
724	-0.374589499	0.028805362	-0.296592017	0.056704261	-0.425507722	0.018285074	-0.362000528	-0.05090767	-0.344569801	-0.307391956	-0.315368412	-0.380657459	-0.33594454	-0.394397795	-0.373305121	-0.408359575
728	-0.316709269	0.072026167	-0.246136322	0.101333786	-0.365569264	0.066615317	-0.300120435	0.000671758	-0.299714563	-0.293420589	-0.276100657	-0.352047683	-0.2943118	-0.364392625	-0.320936319	-0.384699446
732	-0.26952629	0.097914623	-0.20319772	0.130907451	-0.311130954	0.084104711	-0.250677896	0.03408751	-0.245141514	-0.279533059	-0.222345949	-0.327991365	-0.238580421	-0.338354225	-0.254553916	-0.363622857
736	-0.246378868	0.115003815	-0.179204558	0.152460613	-0.274353805	0.081359589	-0.227205241	0.059595982	-0.20367147	-0.269886488	-0.178210374	-0.313859532	-0.193628095	-0.321980947	-0.203322149	-0.350492259
740	-0.25194322	0.135804608	-0.180760481	0.177070527	-0.261750381	0.081056131	-0.233314591	0.089660674	-0.184258487	-0.26240511	-0.15453803	-0.30301199	-0.170078525	-0.309321888	-0.179485094	-0.341114251
744	-0.283849275	0.163229579	-0.209820675	0.205914968	-0.276087933	0.096310507	-0.266022421	0.125082426	-0.179776442	-0.257734302	-0.145860449	-0.293278351	-0.161948985	-0.298990794	-0.176421301	-0.335072112
748	-0.333240156	0.184872844	-0.25935381	0.224177637	-0.313712387	0.117445807	-0.316593018	0.151252291	-0.178077492	-0.261275034	-0.142264071	-0.291200618	-0.159208524	-0.297872549	-0.182645452	-0.339577161
752	-0.388378275	0.183105099	-0.316271762	0.213444047	-0.364455254	0.120915665	-0.372130644	0.148990872	-0.173560563	-0.275163094	-0.139133873	-0.301278277	-0.157230406	-0.310028366	-0.191354322	-0.358096149
756	-0.436945951	0.154441018	-0.365975295	0.174475353	-0.41379467	0.09698197	-0.418970418	0.114594313	-0.166953314	-0.292410736	-0.13418828	-0.316849533	-0.153017355	-0.32805568	-0.196826428	-0.381701424
760	-0.461678625	0.116960866	-0.389396229	0.131550098	-0.442161454	0.062391152	-0.441613086	0.066760102	-0.164165015	-0.301399103	-0.1280529	-0.32395382	-0.146424327	-0.337386202	-0.198045598	-0.394438847
764	-0.445153706	0.090357185	-0.369091819	0.106173155	-0.432848916	0.038724704	-0.425143464	0.026631833	-0.176449011	-0.292442652	-0.130963874	-0.309252609	-0.148226917	-0.323921837	-0.207794521	-0.383096458
768	-0.387324198	0.073713902	-0.306745459	0.093076286	-0.386696355	0.027634698	-0.368881897	-0.005123659	-0.20995163	-0.263239281	-0.156251849	-0.269066129	-0.173278855	-0.283275063	-0.240667027	-0.345216047
772	-0.307600178	0.052090972	-0.22422949	0.071391242	-0.320703825	0.0152535	-0.28987057	-0.042437978	-0.258647274	-0.223395978	-0.207110314	-0.216339487	-0.225332137	-0.228580113	-0.29438201	-0.294273099
776	-0.229088302	0.020793182	-0.145991466	0.034419172	-0.253663514	-0.004780736	-0.210613049	-0.08886033	-0.313919347	-0.190505019	-0.276477486	-0.17440756	-0.29668247	-0.184440218	-0.356409041	-0.252539869
780	-0.170206187	-0.010484165	-0.089940946	-0.005691344	-0.20326983	-0.026081722	-0.150229558	-0.13274217	-0.373362841	-0.17660915	-0.355562406	-0.158857522	-0.377807909	-0.167861782	-0.419010699	-0.233614104
784	-0.142688849	-0.032957631	-0.066424985	-0.036653397	-0.184577198	-0.042594052	-0.120459224	-0.163777993	-0.434880671	-0.182881917	-0.432829649	-0.17046219	-0.456994732	-0.180121933	-0.477022489	-0.237628813
788	-0.14562578	-0.044718881	-0.072809437	-0.053702409	-0.197977978	-0.053254186	-0.119639157	-0.179010666	-0.49070316	-0.207399359	-0.492341944	-0.204514405	-0.51819935	-0.216012183	-0.523542743	-0.263083199
792	-0.168742854	-0.047762051	-0.097412005	-0.056496758	-0.228596975	-0.058383722	-0.137771106	-0.179669465	-0.535079485	-0.249292713	-0.526129202	-0.257474371	-0.553360017	-0.271279034	-0.558870672	-0.311928761
